p cnf 82 585 
-1 -6 0
-1 -11 0
-6 -11 0
-2 -7 0
-2 -12 0
-7 -12 0
-3 -8 0
-3 -13 0
-8 -13 0
-4 -9 0
-4 -14 0
-9 -14 0
-5 -10 0
-5 -15 0
-10 -15 0
1 2 3 4 5 0
6 7 8 9 10 0
11 12 13 14 15 0
-1 -2 0
-1 -3 0
-1 -4 0
-1 -5 0
-2 -3 0
-2 -4 0
-2 -5 0
-3 -4 0
-3 -5 0
-4 -5 0
-6 -7 0
-6 -8 0
-6 -9 0
-6 -10 0
-7 -8 0
-7 -9 0
-7 -10 0
-8 -9 0
-8 -10 0
-9 -10 0
-11 -12 0
-11 -13 0
-11 -14 0
-11 -15 0
-12 -13 0
-12 -14 0
-12 -15 0
-13 -14 0
-13 -15 0
-14 -15 0
16 17 19 22 0
18 20 23 0
21 24 0
25 26 28 31 0
27 29 32 0
30 33 0
-19 -22 0
-16 -17 0
-16 -19 0
-16 -22 0
-17 -19 0
-17 -22 0
-20 -23 0
-18 -20 0
-18 -23 0
-21 -24 0
-28 -31 0
-25 -26 0
-25 -28 0
-25 -31 0
-26 -28 0
-26 -31 0
-29 -32 0
-27 -29 0
-27 -32 0
-30 -33 0
-16 -25 0
-17 -26 0
-19 -28 0
-22 -31 0
-18 -27 0
-20 -29 0
-23 -32 0
-21 -30 0
-24 -33 0
16 25 0
17 26 18 27 0
-18 -18 0
-27 -18 0
-18 -27 0
-27 -27 0
-16 34 -1 0
-25 34 -2 0
-25 34 -3 0
-25 34 -4 0
-16 34 -5 0
-25 36 -1 0
-25 36 -2 0
-25 36 -3 0
-25 36 -4 0
-16 36 -5 0
-25 38 -1 0
-16 38 -2 0
-16 38 -3 0
-16 38 -4 0
-25 38 -5 0
-25 40 -1 0
-25 40 -2 0
-25 40 -3 0
-25 40 -4 0
-25 40 -5 0
-25 42 -1 0
-16 42 -2 0
-25 42 -3 0
-25 42 -4 0
-25 42 -5 0
-25 44 -1 0
-25 44 -2 0
-25 44 -3 0
-16 44 -4 0
-16 44 -5 0
-16 46 -1 0
-16 46 -2 0
-25 46 -3 0
-25 46 -4 0
-25 46 -5 0
-16 48 -1 0
-16 48 -2 0
-25 48 -3 0
-25 48 -4 0
-16 48 -5 0
-25 50 -1 0
-25 50 -2 0
-25 50 -3 0
-25 50 -4 0
-25 50 -5 0
-16 52 -1 0
-16 52 -2 0
-16 52 -3 0
-25 52 -4 0
-16 52 -5 0
-34 35 -18 -6 0
-34 35 -27 -7 0
-34 35 -27 -8 0
-34 35 -27 -9 0
-34 35 -18 -10 0
-34 54 -20 -6 0
-34 54 -29 -7 0
-34 54 -29 -8 0
-34 54 -29 -9 0
-34 54 -20 -10 0
-34 64 -23 -6 0
-34 64 -32 -7 0
-34 64 -32 -8 0
-34 64 -32 -9 0
-34 64 -23 -10 0
-35 54 -21 -11 0
-35 54 -30 -12 0
-35 54 -30 -13 0
-35 54 -30 -14 0
-35 54 -21 -15 0
-35 64 -24 -11 0
-35 64 -33 -12 0
-35 64 -33 -13 0
-35 64 -33 -14 0
-35 64 -24 -15 0
-36 37 -27 -6 0
-36 37 -27 -7 0
-36 37 -27 -8 0
-36 37 -27 -9 0
-36 37 -18 -10 0
-36 55 -29 -6 0
-36 55 -29 -7 0
-36 55 -29 -8 0
-36 55 -29 -9 0
-36 55 -20 -10 0
-36 65 -32 -6 0
-36 65 -32 -7 0
-36 65 -32 -8 0
-36 65 -32 -9 0
-36 65 -23 -10 0
-37 55 -30 -11 0
-37 55 -30 -12 0
-37 55 -30 -13 0
-37 55 -30 -14 0
-37 55 -21 -15 0
-37 65 -33 -11 0
-37 65 -33 -12 0
-37 65 -33 -13 0
-37 65 -33 -14 0
-37 65 -24 -15 0
-38 39 -27 -6 0
-38 39 -18 -7 0
-38 39 -18 -8 0
-38 39 -18 -9 0
-38 39 -27 -10 0
-38 56 -29 -6 0
-38 56 -20 -7 0
-38 56 -20 -8 0
-38 56 -20 -9 0
-38 56 -29 -10 0
-38 66 -32 -6 0
-38 66 -23 -7 0
-38 66 -23 -8 0
-38 66 -23 -9 0
-38 66 -32 -10 0
-39 56 -30 -11 0
-39 56 -21 -12 0
-39 56 -21 -13 0
-39 56 -21 -14 0
-39 56 -30 -15 0
-39 66 -33 -11 0
-39 66 -24 -12 0
-39 66 -24 -13 0
-39 66 -24 -14 0
-39 66 -33 -15 0
-40 41 -27 -6 0
-40 41 -27 -7 0
-40 41 -27 -8 0
-40 41 -27 -9 0
-40 41 -27 -10 0
-40 57 -29 -6 0
-40 57 -29 -7 0
-40 57 -29 -8 0
-40 57 -29 -9 0
-40 57 -29 -10 0
-40 67 -32 -6 0
-40 67 -32 -7 0
-40 67 -32 -8 0
-40 67 -32 -9 0
-40 67 -32 -10 0
-41 57 -30 -11 0
-41 57 -30 -12 0
-41 57 -30 -13 0
-41 57 -30 -14 0
-41 57 -30 -15 0
-41 67 -33 -11 0
-41 67 -33 -12 0
-41 67 -33 -13 0
-41 67 -33 -14 0
-41 67 -33 -15 0
-42 43 -27 -6 0
-42 43 -18 -7 0
-42 43 -27 -8 0
-42 43 -27 -9 0
-42 43 -27 -10 0
-42 58 -29 -6 0
-42 58 -20 -7 0
-42 58 -29 -8 0
-42 58 -29 -9 0
-42 58 -29 -10 0
-42 68 -32 -6 0
-42 68 -23 -7 0
-42 68 -32 -8 0
-42 68 -32 -9 0
-42 68 -32 -10 0
-43 58 -30 -11 0
-43 58 -21 -12 0
-43 58 -30 -13 0
-43 58 -30 -14 0
-43 58 -30 -15 0
-43 68 -33 -11 0
-43 68 -24 -12 0
-43 68 -33 -13 0
-43 68 -33 -14 0
-43 68 -33 -15 0
-44 45 -27 -6 0
-44 45 -27 -7 0
-44 45 -27 -8 0
-44 45 -18 -9 0
-44 45 -18 -10 0
-44 59 -29 -6 0
-44 59 -29 -7 0
-44 59 -29 -8 0
-44 59 -20 -9 0
-44 59 -20 -10 0
-44 69 -32 -6 0
-44 69 -32 -7 0
-44 69 -32 -8 0
-44 69 -23 -9 0
-44 69 -23 -10 0
-45 59 -30 -11 0
-45 59 -30 -12 0
-45 59 -30 -13 0
-45 59 -21 -14 0
-45 59 -21 -15 0
-45 69 -33 -11 0
-45 69 -33 -12 0
-45 69 -33 -13 0
-45 69 -24 -14 0
-45 69 -24 -15 0
-46 47 -18 -6 0
-46 47 -18 -7 0
-46 47 -27 -8 0
-46 47 -27 -9 0
-46 47 -27 -10 0
-46 60 -20 -6 0
-46 60 -20 -7 0
-46 60 -29 -8 0
-46 60 -29 -9 0
-46 60 -29 -10 0
-46 70 -23 -6 0
-46 70 -23 -7 0
-46 70 -32 -8 0
-46 70 -32 -9 0
-46 70 -32 -10 0
-47 60 -21 -11 0
-47 60 -21 -12 0
-47 60 -30 -13 0
-47 60 -30 -14 0
-47 60 -30 -15 0
-47 70 -24 -11 0
-47 70 -24 -12 0
-47 70 -33 -13 0
-47 70 -33 -14 0
-47 70 -33 -15 0
-48 49 -18 -6 0
-48 49 -18 -7 0
-48 49 -27 -8 0
-48 49 -27 -9 0
-48 49 -18 -10 0
-48 61 -20 -6 0
-48 61 -20 -7 0
-48 61 -29 -8 0
-48 61 -29 -9 0
-48 61 -20 -10 0
-48 71 -23 -6 0
-48 71 -23 -7 0
-48 71 -32 -8 0
-48 71 -32 -9 0
-48 71 -23 -10 0
-49 61 -21 -11 0
-49 61 -21 -12 0
-49 61 -30 -13 0
-49 61 -30 -14 0
-49 61 -21 -15 0
-49 71 -24 -11 0
-49 71 -24 -12 0
-49 71 -33 -13 0
-49 71 -33 -14 0
-49 71 -24 -15 0
-50 51 -27 -6 0
-50 51 -27 -7 0
-50 51 -27 -8 0
-50 51 -27 -9 0
-50 51 -27 -10 0
-50 62 -29 -6 0
-50 62 -29 -7 0
-50 62 -29 -8 0
-50 62 -29 -9 0
-50 62 -29 -10 0
-50 72 -32 -6 0
-50 72 -32 -7 0
-50 72 -32 -8 0
-50 72 -32 -9 0
-50 72 -32 -10 0
-51 62 -30 -11 0
-51 62 -30 -12 0
-51 62 -30 -13 0
-51 62 -30 -14 0
-51 62 -30 -15 0
-51 72 -33 -11 0
-51 72 -33 -12 0
-51 72 -33 -13 0
-51 72 -33 -14 0
-51 72 -33 -15 0
-52 53 -18 -6 0
-52 53 -18 -7 0
-52 53 -18 -8 0
-52 53 -27 -9 0
-52 53 -18 -10 0
-52 63 -20 -6 0
-52 63 -20 -7 0
-52 63 -20 -8 0
-52 63 -29 -9 0
-52 63 -20 -10 0
-52 73 -23 -6 0
-52 73 -23 -7 0
-52 73 -23 -8 0
-52 73 -32 -9 0
-52 73 -23 -10 0
-53 63 -21 -11 0
-53 63 -21 -12 0
-53 63 -21 -13 0
-53 63 -30 -14 0
-53 63 -21 -15 0
-53 73 -24 -11 0
-53 73 -24 -12 0
-53 73 -24 -13 0
-53 73 -33 -14 0
-53 73 -24 -15 0
-74 16 25 0
74 -16 0
74 -25 0
-75 17 26 0
75 -17 0
75 -26 0
-77 19 28 0
77 -19 0
77 -28 0
-80 22 31 0
80 -22 0
80 -31 0
-76 18 27 0
76 -18 0
76 -27 0
-78 20 29 0
78 -20 0
78 -29 0
-81 23 32 0
81 -23 0
81 -32 0
-79 21 30 0
79 -21 0
79 -30 0
-82 24 33 0
82 -24 0
82 -33 0
-74 -34 -75 -35 0
-74 -34 -77 -54 0
-74 -34 -80 -64 0
-75 -35 -77 -54 0
-75 -35 -80 -64 0
-77 -54 -80 -64 0
-74 -36 -75 -37 0
-74 -36 -77 -55 0
-74 -36 -80 -65 0
-75 -37 -77 -55 0
-75 -37 -80 -65 0
-77 -55 -80 -65 0
-74 -38 -75 -39 0
-74 -38 -77 -56 0
-74 -38 -80 -66 0
-75 -39 -77 -56 0
-75 -39 -80 -66 0
-77 -56 -80 -66 0
-74 -40 -75 -41 0
-74 -40 -77 -57 0
-74 -40 -80 -67 0
-75 -41 -77 -57 0
-75 -41 -80 -67 0
-77 -57 -80 -67 0
-74 -42 -75 -43 0
-74 -42 -77 -58 0
-74 -42 -80 -68 0
-75 -43 -77 -58 0
-75 -43 -80 -68 0
-77 -58 -80 -68 0
-74 -44 -75 -45 0
-74 -44 -77 -59 0
-74 -44 -80 -69 0
-75 -45 -77 -59 0
-75 -45 -80 -69 0
-77 -59 -80 -69 0
-74 -46 -75 -47 0
-74 -46 -77 -60 0
-74 -46 -80 -70 0
-75 -47 -77 -60 0
-75 -47 -80 -70 0
-77 -60 -80 -70 0
-74 -48 -75 -49 0
-74 -48 -77 -61 0
-74 -48 -80 -71 0
-75 -49 -77 -61 0
-75 -49 -80 -71 0
-77 -61 -80 -71 0
-74 -50 -75 -51 0
-74 -50 -77 -62 0
-74 -50 -80 -72 0
-75 -51 -77 -62 0
-75 -51 -80 -72 0
-77 -62 -80 -72 0
-74 -52 -75 -53 0
-74 -52 -77 -63 0
-74 -52 -80 -73 0
-75 -53 -77 -63 0
-75 -53 -80 -73 0
-77 -63 -80 -73 0
-34 -76 -35 -78 -54 0
-34 -76 -35 -81 -64 0
-34 -78 -54 -76 -35 0
-34 -78 -54 -81 -64 0
-34 -81 -64 -76 -35 0
-34 -81 -64 -78 -54 0
-35 -79 -54 -82 -64 0
-35 -82 -64 -79 -54 0
-36 -76 -37 -78 -55 0
-36 -76 -37 -81 -65 0
-36 -78 -55 -76 -37 0
-36 -78 -55 -81 -65 0
-36 -81 -65 -76 -37 0
-36 -81 -65 -78 -55 0
-37 -79 -55 -82 -65 0
-37 -82 -65 -79 -55 0
-38 -76 -39 -78 -56 0
-38 -76 -39 -81 -66 0
-38 -78 -56 -76 -39 0
-38 -78 -56 -81 -66 0
-38 -81 -66 -76 -39 0
-38 -81 -66 -78 -56 0
-39 -79 -56 -82 -66 0
-39 -82 -66 -79 -56 0
-40 -76 -41 -78 -57 0
-40 -76 -41 -81 -67 0
-40 -78 -57 -76 -41 0
-40 -78 -57 -81 -67 0
-40 -81 -67 -76 -41 0
-40 -81 -67 -78 -57 0
-41 -79 -57 -82 -67 0
-41 -82 -67 -79 -57 0
-42 -76 -43 -78 -58 0
-42 -76 -43 -81 -68 0
-42 -78 -58 -76 -43 0
-42 -78 -58 -81 -68 0
-42 -81 -68 -76 -43 0
-42 -81 -68 -78 -58 0
-43 -79 -58 -82 -68 0
-43 -82 -68 -79 -58 0
-44 -76 -45 -78 -59 0
-44 -76 -45 -81 -69 0
-44 -78 -59 -76 -45 0
-44 -78 -59 -81 -69 0
-44 -81 -69 -76 -45 0
-44 -81 -69 -78 -59 0
-45 -79 -59 -82 -69 0
-45 -82 -69 -79 -59 0
-46 -76 -47 -78 -60 0
-46 -76 -47 -81 -70 0
-46 -78 -60 -76 -47 0
-46 -78 -60 -81 -70 0
-46 -81 -70 -76 -47 0
-46 -81 -70 -78 -60 0
-47 -79 -60 -82 -70 0
-47 -82 -70 -79 -60 0
-48 -76 -49 -78 -61 0
-48 -76 -49 -81 -71 0
-48 -78 -61 -76 -49 0
-48 -78 -61 -81 -71 0
-48 -81 -71 -76 -49 0
-48 -81 -71 -78 -61 0
-49 -79 -61 -82 -71 0
-49 -82 -71 -79 -61 0
-50 -76 -51 -78 -62 0
-50 -76 -51 -81 -72 0
-50 -78 -62 -76 -51 0
-50 -78 -62 -81 -72 0
-50 -81 -72 -76 -51 0
-50 -81 -72 -78 -62 0
-51 -79 -62 -82 -72 0
-51 -82 -72 -79 -62 0
-52 -76 -53 -78 -63 0
-52 -76 -53 -81 -73 0
-52 -78 -63 -76 -53 0
-52 -78 -63 -81 -73 0
-52 -81 -73 -76 -53 0
-52 -81 -73 -78 -63 0
-53 -79 -63 -82 -73 0
-53 -82 -73 -79 -63 0
-35 34 -76 0
-37 36 -76 0
-39 38 -76 0
-41 40 -76 0
-43 42 -76 0
-45 44 -76 0
-47 46 -76 0
-49 48 -76 0
-51 50 -76 0
-53 52 -76 0
54 0
65 0
56 0
67 0
68 0
59 0
60 0
61 0
72 0
63 0
-64 0
-55 0
-66 0
-57 0
-58 0
-69 0
-70 0
-71 0
-62 0
-73 0
