p cnf 82 585 
-1 -6 0
-1 -11 0
-6 -11 0
-2 -7 0
-2 -12 0
-7 -12 0
-3 -8 0
-3 -13 0
-8 -13 0
-4 -9 0
-4 -14 0
-9 -14 0
-5 -10 0
-5 -15 0
-10 -15 0
1 2 3 4 5 0
6 7 8 9 10 0
11 12 13 14 15 0
-1 -2 0
-1 -3 0
-1 -4 0
-1 -5 0
-2 -3 0
-2 -4 0
-2 -5 0
-3 -4 0
-3 -5 0
-4 -5 0
-6 -7 0
-6 -8 0
-6 -9 0
-6 -10 0
-7 -8 0
-7 -9 0
-7 -10 0
-8 -9 0
-8 -10 0
-9 -10 0
-11 -12 0
-11 -13 0
-11 -14 0
-11 -15 0
-12 -13 0
-12 -14 0
-12 -15 0
-13 -14 0
-13 -15 0
-14 -15 0
16 17 19 22 0
18 20 23 0
21 24 0
25 26 28 31 0
27 29 32 0
30 33 0
-19 -22 0
-16 -17 0
-16 -19 0
-16 -22 0
-17 -19 0
-17 -22 0
-20 -23 0
-18 -20 0
-18 -23 0
-21 -24 0
-28 -31 0
-25 -26 0
-25 -28 0
-25 -31 0
-26 -28 0
-26 -31 0
-29 -32 0
-27 -29 0
-27 -32 0
-30 -33 0
-16 -25 0
-17 -26 0
-19 -28 0
-22 -31 0
-18 -27 0
-20 -29 0
-23 -32 0
-21 -30 0
-24 -33 0
16 25 0
17 26 18 27 0
-18 -18 0
-27 -18 0
-18 -27 0
-27 -27 0
-16 35 -1 0
-25 35 -2 0
-25 35 -3 0
-25 35 -4 0
-16 35 -5 0
-25 37 -1 0
-25 37 -2 0
-25 37 -3 0
-25 37 -4 0
-16 37 -5 0
-25 39 -1 0
-16 39 -2 0
-16 39 -3 0
-16 39 -4 0
-25 39 -5 0
-25 41 -1 0
-25 41 -2 0
-25 41 -3 0
-25 41 -4 0
-25 41 -5 0
-25 43 -1 0
-16 43 -2 0
-25 43 -3 0
-25 43 -4 0
-25 43 -5 0
-25 45 -1 0
-25 45 -2 0
-25 45 -3 0
-16 45 -4 0
-16 45 -5 0
-16 47 -1 0
-16 47 -2 0
-25 47 -3 0
-25 47 -4 0
-25 47 -5 0
-16 49 -1 0
-16 49 -2 0
-25 49 -3 0
-25 49 -4 0
-16 49 -5 0
-25 51 -1 0
-25 51 -2 0
-25 51 -3 0
-25 51 -4 0
-25 51 -5 0
-16 53 -1 0
-16 53 -2 0
-16 53 -3 0
-25 53 -4 0
-16 53 -5 0
-35 36 -18 -6 0
-35 36 -27 -7 0
-35 36 -27 -8 0
-35 36 -27 -9 0
-35 36 -18 -10 0
-35 55 -20 -6 0
-35 55 -29 -7 0
-35 55 -29 -8 0
-35 55 -29 -9 0
-35 55 -20 -10 0
-35 65 -23 -6 0
-35 65 -32 -7 0
-35 65 -32 -8 0
-35 65 -32 -9 0
-35 65 -23 -10 0
-36 55 -21 -11 0
-36 55 -30 -12 0
-36 55 -30 -13 0
-36 55 -30 -14 0
-36 55 -21 -15 0
-36 65 -24 -11 0
-36 65 -33 -12 0
-36 65 -33 -13 0
-36 65 -33 -14 0
-36 65 -24 -15 0
-37 38 -27 -6 0
-37 38 -27 -7 0
-37 38 -27 -8 0
-37 38 -27 -9 0
-37 38 -18 -10 0
-37 56 -29 -6 0
-37 56 -29 -7 0
-37 56 -29 -8 0
-37 56 -29 -9 0
-37 56 -20 -10 0
-37 66 -32 -6 0
-37 66 -32 -7 0
-37 66 -32 -8 0
-37 66 -32 -9 0
-37 66 -23 -10 0
-38 56 -30 -11 0
-38 56 -30 -12 0
-38 56 -30 -13 0
-38 56 -30 -14 0
-38 56 -21 -15 0
-38 66 -33 -11 0
-38 66 -33 -12 0
-38 66 -33 -13 0
-38 66 -33 -14 0
-38 66 -24 -15 0
-39 40 -27 -6 0
-39 40 -18 -7 0
-39 40 -18 -8 0
-39 40 -18 -9 0
-39 40 -27 -10 0
-39 57 -29 -6 0
-39 57 -20 -7 0
-39 57 -20 -8 0
-39 57 -20 -9 0
-39 57 -29 -10 0
-39 67 -32 -6 0
-39 67 -23 -7 0
-39 67 -23 -8 0
-39 67 -23 -9 0
-39 67 -32 -10 0
-40 57 -30 -11 0
-40 57 -21 -12 0
-40 57 -21 -13 0
-40 57 -21 -14 0
-40 57 -30 -15 0
-40 67 -33 -11 0
-40 67 -24 -12 0
-40 67 -24 -13 0
-40 67 -24 -14 0
-40 67 -33 -15 0
-41 42 -27 -6 0
-41 42 -27 -7 0
-41 42 -27 -8 0
-41 42 -27 -9 0
-41 42 -27 -10 0
-41 58 -29 -6 0
-41 58 -29 -7 0
-41 58 -29 -8 0
-41 58 -29 -9 0
-41 58 -29 -10 0
-41 68 -32 -6 0
-41 68 -32 -7 0
-41 68 -32 -8 0
-41 68 -32 -9 0
-41 68 -32 -10 0
-42 58 -30 -11 0
-42 58 -30 -12 0
-42 58 -30 -13 0
-42 58 -30 -14 0
-42 58 -30 -15 0
-42 68 -33 -11 0
-42 68 -33 -12 0
-42 68 -33 -13 0
-42 68 -33 -14 0
-42 68 -33 -15 0
-43 44 -27 -6 0
-43 44 -18 -7 0
-43 44 -27 -8 0
-43 44 -27 -9 0
-43 44 -27 -10 0
-43 59 -29 -6 0
-43 59 -20 -7 0
-43 59 -29 -8 0
-43 59 -29 -9 0
-43 59 -29 -10 0
-43 69 -32 -6 0
-43 69 -23 -7 0
-43 69 -32 -8 0
-43 69 -32 -9 0
-43 69 -32 -10 0
-44 59 -30 -11 0
-44 59 -21 -12 0
-44 59 -30 -13 0
-44 59 -30 -14 0
-44 59 -30 -15 0
-44 69 -33 -11 0
-44 69 -24 -12 0
-44 69 -33 -13 0
-44 69 -33 -14 0
-44 69 -33 -15 0
-45 46 -27 -6 0
-45 46 -27 -7 0
-45 46 -27 -8 0
-45 46 -18 -9 0
-45 46 -18 -10 0
-45 60 -29 -6 0
-45 60 -29 -7 0
-45 60 -29 -8 0
-45 60 -20 -9 0
-45 60 -20 -10 0
-45 70 -32 -6 0
-45 70 -32 -7 0
-45 70 -32 -8 0
-45 70 -23 -9 0
-45 70 -23 -10 0
-46 60 -30 -11 0
-46 60 -30 -12 0
-46 60 -30 -13 0
-46 60 -21 -14 0
-46 60 -21 -15 0
-46 70 -33 -11 0
-46 70 -33 -12 0
-46 70 -33 -13 0
-46 70 -24 -14 0
-46 70 -24 -15 0
-47 48 -18 -6 0
-47 48 -18 -7 0
-47 48 -27 -8 0
-47 48 -27 -9 0
-47 48 -27 -10 0
-47 61 -20 -6 0
-47 61 -20 -7 0
-47 61 -29 -8 0
-47 61 -29 -9 0
-47 61 -29 -10 0
-47 71 -23 -6 0
-47 71 -23 -7 0
-47 71 -32 -8 0
-47 71 -32 -9 0
-47 71 -32 -10 0
-48 61 -21 -11 0
-48 61 -21 -12 0
-48 61 -30 -13 0
-48 61 -30 -14 0
-48 61 -30 -15 0
-48 71 -24 -11 0
-48 71 -24 -12 0
-48 71 -33 -13 0
-48 71 -33 -14 0
-48 71 -33 -15 0
-49 50 -18 -6 0
-49 50 -18 -7 0
-49 50 -27 -8 0
-49 50 -27 -9 0
-49 50 -18 -10 0
-49 62 -20 -6 0
-49 62 -20 -7 0
-49 62 -29 -8 0
-49 62 -29 -9 0
-49 62 -20 -10 0
-49 72 -23 -6 0
-49 72 -23 -7 0
-49 72 -32 -8 0
-49 72 -32 -9 0
-49 72 -23 -10 0
-50 62 -21 -11 0
-50 62 -21 -12 0
-50 62 -30 -13 0
-50 62 -30 -14 0
-50 62 -21 -15 0
-50 72 -24 -11 0
-50 72 -24 -12 0
-50 72 -33 -13 0
-50 72 -33 -14 0
-50 72 -24 -15 0
-51 52 -27 -6 0
-51 52 -27 -7 0
-51 52 -27 -8 0
-51 52 -27 -9 0
-51 52 -27 -10 0
-51 63 -29 -6 0
-51 63 -29 -7 0
-51 63 -29 -8 0
-51 63 -29 -9 0
-51 63 -29 -10 0
-51 73 -32 -6 0
-51 73 -32 -7 0
-51 73 -32 -8 0
-51 73 -32 -9 0
-51 73 -32 -10 0
-52 63 -30 -11 0
-52 63 -30 -12 0
-52 63 -30 -13 0
-52 63 -30 -14 0
-52 63 -30 -15 0
-52 73 -33 -11 0
-52 73 -33 -12 0
-52 73 -33 -13 0
-52 73 -33 -14 0
-52 73 -33 -15 0
-53 54 -18 -6 0
-53 54 -18 -7 0
-53 54 -18 -8 0
-53 54 -27 -9 0
-53 54 -18 -10 0
-53 64 -20 -6 0
-53 64 -20 -7 0
-53 64 -20 -8 0
-53 64 -29 -9 0
-53 64 -20 -10 0
-53 74 -23 -6 0
-53 74 -23 -7 0
-53 74 -23 -8 0
-53 74 -32 -9 0
-53 74 -23 -10 0
-54 64 -21 -11 0
-54 64 -21 -12 0
-54 64 -21 -13 0
-54 64 -30 -14 0
-54 64 -21 -15 0
-54 74 -24 -11 0
-54 74 -24 -12 0
-54 74 -24 -13 0
-54 74 -33 -14 0
-54 74 -24 -15 0
-74 16 25 0
74 -16 0
74 -25 0
-75 17 26 0
75 -17 0
75 -26 0
-77 19 28 0
77 -19 0
77 -28 0
-80 22 31 0
80 -22 0
80 -31 0
-76 18 27 0
76 -18 0
76 -27 0
-78 20 29 0
78 -20 0
78 -29 0
-81 23 32 0
81 -23 0
81 -32 0
-79 21 30 0
79 -21 0
79 -30 0
-82 24 33 0
82 -24 0
82 -33 0
-74 -35 -75 -36 0
-74 -35 -77 -55 0
-74 -35 -80 -65 0
-75 -36 -77 -55 0
-75 -36 -80 -65 0
-77 -55 -80 -65 0
-74 -37 -75 -38 0
-74 -37 -77 -56 0
-74 -37 -80 -66 0
-75 -38 -77 -56 0
-75 -38 -80 -66 0
-77 -56 -80 -66 0
-74 -39 -75 -40 0
-74 -39 -77 -57 0
-74 -39 -80 -67 0
-75 -40 -77 -57 0
-75 -40 -80 -67 0
-77 -57 -80 -67 0
-74 -41 -75 -42 0
-74 -41 -77 -58 0
-74 -41 -80 -68 0
-75 -42 -77 -58 0
-75 -42 -80 -68 0
-77 -58 -80 -68 0
-74 -43 -75 -44 0
-74 -43 -77 -59 0
-74 -43 -80 -69 0
-75 -44 -77 -59 0
-75 -44 -80 -69 0
-77 -59 -80 -69 0
-74 -45 -75 -46 0
-74 -45 -77 -60 0
-74 -45 -80 -70 0
-75 -46 -77 -60 0
-75 -46 -80 -70 0
-77 -60 -80 -70 0
-74 -47 -75 -48 0
-74 -47 -77 -61 0
-74 -47 -80 -71 0
-75 -48 -77 -61 0
-75 -48 -80 -71 0
-77 -61 -80 -71 0
-74 -49 -75 -50 0
-74 -49 -77 -62 0
-74 -49 -80 -72 0
-75 -50 -77 -62 0
-75 -50 -80 -72 0
-77 -62 -80 -72 0
-74 -51 -75 -52 0
-74 -51 -77 -63 0
-74 -51 -80 -73 0
-75 -52 -77 -63 0
-75 -52 -80 -73 0
-77 -63 -80 -73 0
-74 -53 -75 -54 0
-74 -53 -77 -64 0
-74 -53 -80 -74 0
-75 -54 -77 -64 0
-75 -54 -80 -74 0
-77 -64 -80 -74 0
-35 -76 -36 -78 -55 0
-35 -76 -36 -81 -65 0
-35 -78 -55 -76 -36 0
-35 -78 -55 -81 -65 0
-35 -81 -65 -76 -36 0
-35 -81 -65 -78 -55 0
-36 -79 -55 -82 -65 0
-36 -82 -65 -79 -55 0
-37 -76 -38 -78 -56 0
-37 -76 -38 -81 -66 0
-37 -78 -56 -76 -38 0
-37 -78 -56 -81 -66 0
-37 -81 -66 -76 -38 0
-37 -81 -66 -78 -56 0
-38 -79 -56 -82 -66 0
-38 -82 -66 -79 -56 0
-39 -76 -40 -78 -57 0
-39 -76 -40 -81 -67 0
-39 -78 -57 -76 -40 0
-39 -78 -57 -81 -67 0
-39 -81 -67 -76 -40 0
-39 -81 -67 -78 -57 0
-40 -79 -57 -82 -67 0
-40 -82 -67 -79 -57 0
-41 -76 -42 -78 -58 0
-41 -76 -42 -81 -68 0
-41 -78 -58 -76 -42 0
-41 -78 -58 -81 -68 0
-41 -81 -68 -76 -42 0
-41 -81 -68 -78 -58 0
-42 -79 -58 -82 -68 0
-42 -82 -68 -79 -58 0
-43 -76 -44 -78 -59 0
-43 -76 -44 -81 -69 0
-43 -78 -59 -76 -44 0
-43 -78 -59 -81 -69 0
-43 -81 -69 -76 -44 0
-43 -81 -69 -78 -59 0
-44 -79 -59 -82 -69 0
-44 -82 -69 -79 -59 0
-45 -76 -46 -78 -60 0
-45 -76 -46 -81 -70 0
-45 -78 -60 -76 -46 0
-45 -78 -60 -81 -70 0
-45 -81 -70 -76 -46 0
-45 -81 -70 -78 -60 0
-46 -79 -60 -82 -70 0
-46 -82 -70 -79 -60 0
-47 -76 -48 -78 -61 0
-47 -76 -48 -81 -71 0
-47 -78 -61 -76 -48 0
-47 -78 -61 -81 -71 0
-47 -81 -71 -76 -48 0
-47 -81 -71 -78 -61 0
-48 -79 -61 -82 -71 0
-48 -82 -71 -79 -61 0
-49 -76 -50 -78 -62 0
-49 -76 -50 -81 -72 0
-49 -78 -62 -76 -50 0
-49 -78 -62 -81 -72 0
-49 -81 -72 -76 -50 0
-49 -81 -72 -78 -62 0
-50 -79 -62 -82 -72 0
-50 -82 -72 -79 -62 0
-51 -76 -52 -78 -63 0
-51 -76 -52 -81 -73 0
-51 -78 -63 -76 -52 0
-51 -78 -63 -81 -73 0
-51 -81 -73 -76 -52 0
-51 -81 -73 -78 -63 0
-52 -79 -63 -82 -73 0
-52 -82 -73 -79 -63 0
-53 -76 -54 -78 -64 0
-53 -76 -54 -81 -74 0
-53 -78 -64 -76 -54 0
-53 -78 -64 -81 -74 0
-53 -81 -74 -76 -54 0
-53 -81 -74 -78 -64 0
-54 -79 -64 -82 -74 0
-54 -82 -74 -79 -64 0
-36 35 -76 0
-38 37 -76 0
-40 39 -76 0
-42 41 -76 0
-44 43 -76 0
-46 45 -76 0
-48 47 -76 0
-50 49 -76 0
-52 51 -76 0
-54 53 -76 0
54 0
65 0
56 0
67 0
68 0
59 0
60 0
61 0
72 0
63 0
-64 0
-55 0
-66 0
-57 0
-58 0
-69 0
-70 0
-71 0
-62 0
-73 0
